3
11 11
5 7
0 3
2
193 107 227 151 208 28 94 
97 125 239 165 61 154 45 
200 181 15 69 44 159 128 
109 94 250 224 108 72 148 
91 200 10 156 179 237 53 
9 5
4 9
0
3 139 69 30 184 
141 211 199 82 1 
231 210 237 70 77 
78 50 21 226 13 
222 236 170 146 90 
95 23 227 114 252 
235 118 136 176 20 
192 62 103 9 145 
231 240 227 213 55 
7 8
2 3
0
246 37 114 161 56 204 1 79 
49 242 76 29 232 84 205 252 
21 139 101 157 29 77 142 129 
163 69 51 71 47 121 78 38 
159 192 199 215 14 72 166 190 
59 242 91 37 198 41 161 219 
52 134 122 209 212 136 83 247 
2
0 1
0 2
2
1 0 4
0 1 1
